1 00
2 110001
3 011
4 10000
5 101
6 10001110
7 1001
8 1101101
9 1110
10 010100011001010
11 110100000110
12 110100000001
13 010001110
14 10001101
15 1101010
16 01011001
17 110101101
18 100010
19 010010
20 01010001100100
21 1111010100
22 110000101
23 0100110
24 1111011
25 11001
26 01010001100111
27 010101011011
28 0101101
29 01010001100110
30 01010001100001
31 01010001100000
32 1101100
33 0101000111101
34 0101000111100
35 11011110
36 01010001100011
37 1101001011
38 110101100
39 0100010
40 0101000111111
41 110100000000
42 11110101011
43 1101001010
44 111100110
45 11010000010
46 1100000
47 11011100
48 01011111
49 0101000111110
50 0101000111001
51 010101011010
52 11010111
53 11110101010
54 110100000011
55 1111010111
56 11111
57 0101000111000
58 01010001100010
59 01000111100
60 11110010101
61 110100000010
62 1111010110
63 01000001111
64 111100000
65 110000100
66 01010001101101
67 11110001
68 01010001101100
69 0101000111011
70 1000110011
71 0101000111010
72 010101000101
73 10001111010
74 0101000100101
75 0101111000
76 0100000001
77 0100001101
78 0101000100100
79 01011000100
80 0100000110
81 0101011
82 0101110011
83 11110010100
84 010001101
85 010000001
86 01010001101111
87 010101000100
88 01011000111
89 010000010
90 01010001101110
91 10001100001
92 010001100
93 01010001101001
94 11010001101
95 01010001101000
96 01010001101011
97 010000111
98 01010001101010
99 1111000010
100 01010000010101
101 01010000010100
102 01010000010111
103 1111010001
104 010101000111
105 010000100
106 01010000010110
107 010101000110
108 100011111
109 01011000110
110 11010001100
111 01010000010001
112 1101111101
113 01010000010000
114 01010000010011
115 01011101
116 01010000010010
117 01010000011101
118 0100001100
119 1000110010
120 01010000011100
121 110100001101
122 0101000100111
123 110100001100
124 0101000100110
125 11010001111
126 0101000100001
127 01010000011111
128 10001100000
129 01010000011110
130 01010000011001
131 11010001110
132 0100001011
133 01010000011000
134 01010000011011
135 01010000011010
136 110100001111
137 0100011111
138 01010000000101
139 010101000001
140 0100001010
141 110111011
142 110100001110
143 0101000100000
144 0101000100011
145 01010000000100
146 1101111100
147 110100001001
148 0100000000
149 110100001000
150 10001100011
151 01010000000111
152 010101000000
153 010110000
154 01010000000110
155 1111010000
156 1100001101
157 010101000011
158 01010000000001
159 01010000000000
160 01010000000011
161 01010000000010
162 110111010
163 010101000010
164 0101000100010
165 01010000001101
166 110111111
167 01010000001100
168 01010000001111
169 010101001101
170 10001100010
171 01000111101
172 01011110101
173 0101000101101
174 0101000101100
175 01010000001110
176 0101000101111
177 01010000001001
178 11110010111
179 01010000001000
180 1100001100
181 0101111001
182 01011110100
183 01010000001011
184 01010000001010
185 01010000110101
186 0101000101110
187 0101000101001
188 110100001011
189 0101000101000
190 0101000101011
191 01010000110100
192 11010001001
193 01010000110111
194 11110010110
195 0101000101010
196 0100111010101
197 0100111010100
198 110100001010
199 010101001100
200 01010000110110
201 010101001111
202 0101110010
203 01010000110001
204 010101001110
205 010101001001
206 1111010011
207 01010000110000
208 01010000110011
209 110100110101
210 010101001000
211 01010000110010
212 0100111010111
213 1100001111
214 01010000111101
215 0100111010110
216 110100110100
217 110100110111
218 01010000111100
219 01011110111
220 11110010001
221 01010000111111
222 110100110110
223 01010000111110
224 01010000111001
225 01010000111000
226 01010000111011
227 0100111010001
228 0100111010000
229 1111010010
230 0100111010011
231 110100110001
232 0100111010010
233 110100110000
234 11010001000
235 01010000111010
236 0100111011101
237 11110010000
238 110100110011
239 01010000100101
240 010101001011
241 1111000011
242 0100111011100
243 01010000100100
244 01010000100111
245 01010000100110
246 010101001010
247 0100111011111
248 110100110010
249 11110010011
250 110100111101
251 01010000100001
252 01010000100000
253 01010000100011
254 01010000100010
255 0100111011110
256 01010000101101
257 0100111011001
258 010111000101
259 0100111011000
260 01010000101100
261 01010000101111
262 110100111100
263 01010000101110
264 0100111011011
265 0100111011010
266 0100111000101
267 110100111111
268 01010000101001
269 01010000101000
270 01010000101011
271 01010000101010
272 01010011010101
273 01010011010100
274 01010011010111
275 110100111110
276 0100111000100
277 1000111100
278 0100111000111
279 01010011010110
280 1100001110
281 01010011010001
282 0100111000110
283 010111000100
284 01010011010000
285 0100111000001
286 01010011010011
287 01010011010010
288 110100111001
289 01010011011101
290 01010011011100
291 01010011011111
292 01010011011110
293 01010011011001
294 01010011011000
295 010111000111
296 0100111000000
297 110100111000
298 11110010010
299 010111000110
300 0100111000011
301 01010011011011
302 01010011011010
303 0100111000010
304 01010011000101
305 01010011000100
306 0100111001101
307 01010011000111
308 0100111001100
309 0100111001111
310 11110011101
311 11010001011
312 110100111011
313 01010011000110
314 110100111010
315 01010011000001
316 11110011100
317 0100111001110
318 010111000001
319 11110011111
320 0100111001001
321 11110011110
322 0100111001000
323 01010011000000
324 01010011000011
325 01010011000010
326 110100100101
327 11010001010
328 01010011001101
329 01010011001100
330 110100100100
331 01010011001111
332 110100100111
333 0100111001011
334 010000011101
335 01011110110
336 01010011001110
337 0100111001010
338 01010011001001
339 01010011001000
340 0100111110101
341 01010011001011
342 01010011001010
343 01010011110101
344 10001111011
345 0100111110100
346 0100111110111
347 01010011110100
348 0100111110110
349 01010011110111
350 01010011110110
351 01010011110001
352 01010011110000
353 110100100110
354 01010011110011
355 0100111110001
356 01010011110010
357 01010011111101
358 0100111110000
359 01010011111100
360 0100111110011
361 01010011111111
362 01010011111110
363 01010011111001
364 110100100001
365 0100111110010
366 01010011111000
367 01010011111011
368 110100100000
369 010111000000
370 01010011111010
371 0100111111101
372 01010011100101
373 01010011100100
374 01010011100111
375 01010011100110
376 01010011100001
377 01010011100000
378 01010011100011
379 010111000011
380 0100111111100
381 01010011100010
382 110100100011
383 0100111111111
384 01010011101101
385 01010011101100
386 0100111111110
387 0100111111001
388 0100111111000
389 01010011101111
390 01010011101110
391 0100111111011
392 01010011101001
393 0100111111010
394 01010011101000
395 0100111100101
396 01010011101011
397 01010011101010
398 01010010010101
399 01010010010100
400 01010010010111
401 01010010010110
402 0100111100100
403 01010010010001
404 01010010010000
405 0100111100111
406 01010010010011
407 01010010010010
408 01010010011101
409 0100111100110
410 0100111100001
411 01010010011100
412 0100111100000
413 010000011100
414 01010010011111
415 01010010011110
416 01010010011001
417 0100111100011
418 01010010011000
419 01010010011011
420 01010010011010
421 01010010000101
422 01010010000100
423 01010010000111
424 01010010000110
425 01010010000001
426 010111000010
427 01010010000000
428 01010010000011
429 01010010000010
430 0100111100010
431 01010010001101
432 0100111101101
433 01010010001100
434 0100111101100
435 01010010001111
436 01010010001110
437 01010010001001
438 01010010001000
439 01010010001011
440 01010010001010
441 01010010110101
442 01010010110100
443 01010010110111
444 01010010110110
445 01010010110001
446 01010010110000
447 0100111101111
448 01010010110011
449 01010010110010
450 01010010111101
451 01010010111100
452 01010010111111
453 01010010111110
454 01010010111001
455 01010010111000
456 01010010111011
457 01010010111010
458 01010010100101
459 01010010100100
460 01010010100111
461 01010010100110
462 0100111101110
463 0100111101001
464 01010010100001
465 01010010100000
466 01010010100011
467 01010010100010
468 01010010101101
469 01010010101100
470 01010010101111
471 01010010101110
472 01010010101001
473 01010010101000
474 01010010101011
475 01010010101010
476 01010101010101
477 01010101010100
478 01010101010111
479 01010101010110
480 0100111101000
481 01010101010001
482 01010101010000
483 01010101010011
484 01010101010010
485 0100111101011
486 01010101011101
487 01010101011100
488 110100100010
489 01010101011111
490 01010101011110
491 01010101011001
492 01010101011000
493 0100111101010
494 01010101011011
495 01010101011010
496 01010101000101
497 01010101000100
498 01010101000111
499 0101100010101
500 01010101000110
501 01010101000001
502 0101100010100
503 01010101000000
504 01010101000011
505 01010101000010
506 01010101001101
507 01010101001100
508 01010101001111
509 01010101001110
510 01010101001001
511 01010101001000
512 01010101001011
513 01010101001010
514 01010101110101
515 01010101110100
516 01010101110111
517 01010101110110
518 01010101110001
519 01010101110000
520 01010101110011
521 01010101110010
522 01010101111101
523 0101100010111
524 0101100010110
525 01010101111100
526 01010101111111
527 01010101111110
528 01010101111001
529 01010101111000
530 01010101111011
531 01010101111010
532 01010101100101
533 01010101100100
534 01010101100111
535 01010101100110
536 01010101100001
537 01010101100000
538 01010101100011
539 01010101100010
540 11010000011101
541 11010000011100
542 1101000001111
543 010100011001011
