25 1111111000110
26 0101001111011
27 0101001111010
28 1111111000001
29 010100111100
30 010100111010
31 00001101010
32 00001101001
33 00100100011
34 111111101
35 011101010
36 110001000
37 000110001
38 10111010
39 10100010
40 10011000
41 00000000
42 01110010
43 1110111
44 0110111
45 1010101
46 0110110
47 0101000
48 0101011
49 0010100
50 1001011
51 1000011
52 1001010
53 1100001
54 1100000
55 00000011
56 1100100
57 01001011
58 00001100
59 00010010
60 10001111
61 01110100
62 10011001
63 000000010
64 000110000
65 10110111
66 11001010
67 01110111
68 11010110
69 11100110
70 10110010
71 10111101
72 11010001
73 10001110
74 10100101
75 11000101
76 01011100
77 000001110
78 11101101
79 11010000
80 10100100
81 11100011
82 01101000
83 11010011
84 10010001
85 01110110
86 01111001
87 01100011
88 01001010
89 00110011
90 00111100
91 01000011
92 00100001
93 1101100
94 1111101
95 1101111
96 1001101
97 1010100
98 0111000
99 0100100
100 0100011
101 0110000
102 1100011
103 1000010
104 1011111
105 1110100
106 1111100
107 00000010
108 1111001
109 00100101
110 00100000
111 01000100
112 00001011
113 00111001
114 00110010
115 1100111
116 00010011
117 1010000
118 1111010
119 1110010
120 1010111
121 1011000
122 1101110
123 1001001
124 0001011
125 0101111
126 0011000
127 0011010
128 0001101
129 0001111
130 0010001
131 0110011
132 1000101
133 0111101
134 1000100
135 1011010
136 1000001
137 1010110
138 0101010
139 0100000
140 0011011
141 0010110
142 0100111
143 1000110
144 0000100
145 0010011
146 0110101
147 0010111
148 0011111
149 0110010
150 0101101
151 0010101
152 0000111
153 0001000
154 0000010
155 0001110
156 0101100
157 0011101
158 1000000
159 0100110
160 1001110
161 0111111
162 1101010
163 1111000
164 00001010
165 1100110
166 01000010
167 01100010
168 00111101
169 00011001
170 00111000
171 01111000
172 1101101
173 00010101
174 1111110
175 00010100
176 01011101
177 10110110
178 11100000
179 10010000
180 000001101
181 10011111
182 11101100
183 11101011
184 000001100
185 000000011
186 001001001
187 000011011
188 11100010
189 010100110
190 11111111
191 10100111
192 01101001
193 11010010
194 11010111
195 11100001
196 11110111
197 11101010
198 10111100
199 10111001
200 11110110
201 10111011
202 01110011
203 10111000
204 000001111
205 01111101
206 01010010
207 01000101
208 01111100
209 10100110
210 10100011
211 10110011
212 11001011
213 11100111
214 011101011
215 100111101
216 100111100
217 110001001
218 0010010000
219 00001101000
220 00100100010
221 1111111001
222 01010011100
223 00001101011
224 111111100010
225 010100111111
226 010100111110
227 010100111011
228 111111100001
230 1111111000000
241 11111110001110
11111110001111